positive/1683831015.8742733.jpg 1 451 374 38 11
positive/1683831016.0795748.jpg 2 780 451 73 20 446 370 37 11
positive/1683831016.2841315.jpg 1 728 439 74 19
positive/1683831016.4906337.jpg 1 686 430 73 18
positive/1683831016.7389135.jpg 1 663 430 67 17
positive/1683831018.2022667.jpg 1 121 398 65 18
positive/1683831027.2395718.jpg 1 800 375 47 13
positive/1683831029.1600354.jpg 1 11 443 71 33
positive/1683831030.112345.jpg 1 369 372 34 13
positive/1683831030.5060787.jpg 2 237 429 62 20 691 376 37 14
positive/1683831030.9305766.jpg 2 389 400 44 15 735 384 45 13
positive/1683831031.4371996.jpg 2 784 391 55 17 450 388 35 9
positive/1683831032.4101584.jpg 1 107 397 66 22
positive/1683831032.6291828.jpg 1 233 386 57 19
positive/1683831032.9114687.jpg 1 334 376 47 19
positive/1683831043.8822975.jpg 1 101 350 55 16
positive/1683831072.4160762.jpg 1 707 432 57 13
positive/1683831075.8591979.jpg 0
positive/1683831076.6749423.jpg 1 168 388 49 15
positive/1683831080.9610722.jpg 1 400 409 51 14
positive/1683831081.2457373.jpg 1 399 408 47 16
positive/1683831081.498095.jpg 1 398 411 49 12
positive/1683831081.8320339.jpg 1 394 410 50 11
positive/1683831082.588071.jpg 2 385 405 52 15 182 367 39 13
positive/1683831082.8705595.jpg 2 381 405 47 15 184 366 40 15
positive/1683831083.6772335.jpg 2 380 399 41 12 194 361 37 11
positive/1683831088.6372335.jpg 1 332 408 52 11
positive/1683831088.9193914.jpg 1 336 411 51 16
positive/1683831089.4533029.jpg 1 343 412 50 16
positive/1683831089.940292.jpg 1 347 408 50 15
positive/1683831092.5500624.jpg 3 345 456 34 22 298 409 45 12 664 397 38 13
positive/1683831092.8350725.jpg 3 681 405 46 18 269 412 51 14 338 462 32 16
positive/1683831093.6205852.jpg 2 206 407 46 12 384 419 24 12
positive/1683831105.7191916.jpg 1 727 437 67 20
positive/1683831106.0629191.jpg 1 615 419 52 16
positive/1683831111.031021.jpg 1 238 371 51 14
positive/1683831117.484924.jpg 2 410 402 46 13 679 388 60 19
positive/1683831117.7370002.jpg 2 411 406 47 11 695 393 59 17
positive/1683831118.1928046.jpg 2 408 408 53 15 711 398 72 19
positive/1683831118.429046.jpg 2 728 402 72 18 406 410 54 17
positive/1683831118.6332438.jpg 2 406 414 55 17 742 404 75 21
positive/1683831118.8376675.jpg 2 405 413 55 21 749 408 82 22
positive/1683831119.0586243.jpg 2 403 416 59 18 759 409 78 21
positive/1683831119.2327127.jpg 2 403 415 60 20 762 407 77 21
positive/1683831119.4190707.jpg 2 758 405 82 26 402 417 62 17
positive/1683831119.57703.jpg 2 405 417 57 17 759 407 80 23
positive/1683831119.768959.jpg 2 760 408 79 19 404 416 59 16
positive/1683831119.9421937.jpg 2 405 418 57 17 763 410 78 19
positive/1683831120.115496.jpg 2 760 406 78 24 406 414 55 17
positive/1683831120.2890534.jpg 2 403 417 59 17 760 410 76 17
positive/1683831120.4779649.jpg 2 405 417 55 17 761 407 75 24
positive/1683831120.6510043.jpg 2 404 417 59 16 759 407 80 23
positive/1683831120.8238347.jpg 2 406 417 55 18 762 408 78 22
positive/1683831120.9989934.jpg 2 406 418 56 17 758 410 82 20
positive/1683831121.1719651.jpg 2 760 408 79 23 405 419 57 12
positive/1683831121.3621888.jpg 1 404 418 57 16
positive/1683831121.8378518.jpg 1 406 418 56 16
positive/1683831140.3223064.jpg 2 427 411 55 18 575 363 34 9
positive/1683831161.1412928.jpg 1 510 441 72 19
positive/1683831161.6634889.jpg 1 509 438 68 25
positive/1683831161.9614234.jpg 1 507 437 72 25
positive/1683831164.5029702.jpg 1 524 457 81 20
positive/1683831165.1852534.jpg 2 512 442 73 21 814 376 34 13
positive/1683831165.4854937.jpg 1 507 432 62 20
positive/1683831167.43734.jpg 1 518 453 79 20
positive/1683831168.6295452.jpg 1 494 440 66 19
positive/1683831169.897233.jpg 1 479 437 64 23
positive/1683831172.8896053.jpg 2 651 417 78 19 126 416 42 14
positive/1683831173.3483605.jpg 2 529 403 69 19 638 371 49 16
positive/1683831173.9044604.jpg 3 753 391 69 20 440 394 59 13 202 369 38 12
positive/1683831174.5873737.jpg 2 93 389 62 16 409 384 50 13
positive/1683831198.5153942.jpg 3 396 356 55 19 603 393 54 17 69 389 60 18
positive/1683831198.8792155.jpg 2 587 393 47 12 389 359 51 16
positive/1683831199.2912292.jpg 2 579 392 48 14 382 358 60 21
positive/1683831199.481207.jpg 2 384 361 57 17 579 392 43 12
positive/1683831199.5932405.jpg 2 576 389 44 15 385 361 57 16
positive/1683831200.0872648.jpg 2 383 361 56 17 568 388 47 16
positive/1683831200.561274.jpg 2 382 365 60 16 571 391 44 13
positive/1683831200.8302338.jpg 1 382 366 61 17
positive/1683831202.0651755.jpg 1 376 365 69 20
positive/1683831208.1081595.jpg 1 219 375 60 13
positive/1683831208.491173.jpg 1 312 378 56 14
positive/1683831208.6352894.jpg 1 331 373 55 14
positive/1683831208.9213922.jpg 1 377 370 49 14
positive/1683831209.2382982.jpg 1 408 367 53 12
positive/1683831220.1933239.jpg 1 420 369 53 13
positive/1683831222.0001843.jpg 1 419 371 56 11
positive/1683831222.5051801.jpg 1 418 369 55 16
positive/1683831243.6453676.jpg 2 420 365 57 16 710 366 54 15
positive/1683831244.5241644.jpg 2 421 367 57 16 725 369 55 18
positive/1683831245.1111152.jpg 2 420 369 58 17 724 370 55 16
positive/1683831245.5401082.jpg 2 421 366 57 18 724 371 55 16
positive/1683831246.0011256.jpg 2 423 370 56 20 710 370 57 18
positive/1683831252.47809.jpg 0
positive/1683831274.4691446.jpg 1 449 359 44 15
positive/1683831277.3067875.jpg 1 763 425 63 16
positive/1683831282.469087.jpg 1 677 418 59 18
positive/1683831282.8972044.jpg 1 663 417 61 20
positive/1683831283.2008648.jpg 1 679 424 66 21
positive/1683831289.679927.jpg 1 762 387 74 22
positive/1683831292.2878335.jpg 1 769 396 76 20
positive/1683831292.9259763.jpg 1 759 400 85 26
positive/1683831293.6727788.jpg 1 712 404 81 22
positive/1683831302.7585535.jpg 0
positive/1683831315.4035072.jpg 2 657 376 61 13 401 362 47 11
positive/1683831316.1325908.jpg 2 399 364 50 12 668 377 63 16
positive/1683831316.482775.jpg 2 398 361 51 18 672 379 58 14
positive/1683831316.8329475.jpg 2 672 379 62 14 394 364 58 12
positive/1683831318.8027272.jpg 2 399 362 51 15 672 380 58 14
positive/1683831349.6114008.jpg 0
positive/1683831397.996383.jpg 1 30 374 64 19
positive/1683831422.1371841.jpg 0
positive/1683831424.3772938.jpg 1 167 419 31 20
positive/1683831425.4438741.jpg 0
positive/1683831425.7791858.jpg 0
positive/1683831430.1396916.jpg 0
positive/1683831430.3759665.jpg 1 242 337 42 16
positive/1683831449.2458322.jpg 1 412 347 41 14
positive/1683831449.9125822.jpg 1 409 357 48 12
positive/1683831450.2768779.jpg 1 410 357 49 17
positive/1683831450.5951567.jpg 1 408 356 47 15
positive/1683831451.1677458.jpg 2 149 348 41 9 407 358 52 14
positive/1683831451.3118865.jpg 1 408 357 50 17
positive/1683831451.614189.jpg 2 408 358 50 15 148 348 45 11
positive/1683831451.9665089.jpg 2 150 348 43 12 408 359 49 13
positive/1683831452.3488553.jpg 2 149 347 43 11 407 359 50 13
positive/1683831452.4769719.jpg 2 146 346 46 14 405 357 51 16
positive/1683831452.621103.jpg 2 409 357 48 15 149 346 44 13
positive/1683831452.908625.jpg 2 406 359 50 12 151 347 39 11
positive/1683831453.1968784.jpg 2 411 360 45 12 149 347 43 12
positive/1683831491.2006981.jpg 1 713 364 44 15
positive/1683831491.4695122.jpg 1 754 370 45 17
positive/1683831491.6592922.jpg 1 780 373 56 15
positive/1683831491.9626184.jpg 0
positive/1683831502.7912905.jpg 1 371 361 34 11
positive/1683831506.059291.jpg 1 673 374 27 17
positive/1683831508.500204.jpg 1 742 386 42 10
positive/1683831509.6637068.jpg 0
positive/1683831510.2522187.jpg 1 634 404 24 17
positive/1683831515.6451356.jpg 1 131 374 49 14
positive/1683831515.8383114.jpg 1 100 378 54 17
positive/1683831515.9984562.jpg 1 71 382 54 15
positive/1683831516.157601.jpg 1 41 381 58 19
positive/1683831516.3347702.jpg 1 5 386 67 21
positive/1683831519.0444446.jpg 1 444 369 59 18
positive/1683831519.200141.jpg 1 442 368 63 21
positive/1683831519.3273141.jpg 1 445 371 60 19
positive/1683831519.5167825.jpg 1 445 374 60 18
positive/1683831519.7379417.jpg 1 446 378 63 18
positive/1683831520.009578.jpg 1 449 378 64 22
positive/1683831520.1707487.jpg 1 451 383 64 18
positive/1683897525.3166842.jpg 1 208 571 57 21
positive/1683897527.1277437.jpg 1 359 512 61 24
positive/1683897546.7290668.jpg 0
positive/1683897546.9521523.jpg 1 942 512 43 10
positive/1683897565.6110947.jpg 1 944 534 55 15
positive/1683897566.5962248.jpg 1 910 514 50 17
positive/1683897567.5149906.jpg 1 924 520 58 17
positive/1683897570.367816.jpg 1 975 583 55 19
positive/1683897572.684507.jpg 2 1007 539 28 17 390 519 38 12
positive/1683897573.8885686.jpg 1 5 626 75 39
positive/1683897574.2038162.jpg 1 216 566 56 21
positive/1683897576.745499.jpg 1 833 531 44 20
positive/1683897577.0006568.jpg 1 960 574 71 31
positive/1683897580.3554492.jpg 1 907 532 54 15
positive/1683897581.894021.jpg 0
positive/1683897582.0691845.jpg 1 286 527 54 21
positive/1683897583.6902573.jpg 1 340 534 46 22
positive/1683897585.1482193.jpg 1 842 543 48 19
positive/1683897585.3224142.jpg 1 970 576 62 25
positive/1683897587.2795196.jpg 0
positive/1683897587.4236746.jpg 1 362 515 37 15
positive/1683897589.2376022.jpg 1 155 517 40 18
positive/1683897591.0478275.jpg 0
positive/1683897591.2852402.jpg 1 270 546 47 20
positive/1683897595.9289737.jpg 0
positive/1683897596.21254.jpg 1 118 614 61 31
positive/1683897596.7380342.jpg 1 938 576 62 22
positive/1683897596.9283786.jpg 2 1034 607 97 29 315 565 57 24
positive/1683897597.5331082.jpg 2 836 521 51 17 342 502 35 14
positive/1683897597.7601619.jpg 2 943 532 59 22 291 506 43 16
positive/1683897599.29163.jpg 0
positive/1683897599.6085532.jpg 2 1188 584 69 31 90 492 47 27
positive/1683897600.890369.jpg 1 885 518 55 20
positive/1683897601.0976663.jpg 1 1011 551 84 22
positive/1683897601.2882123.jpg 1 232 546 51 24
positive/1683897602.0241685.jpg 0
positive/1683897602.2604995.jpg 1 67 571 69 26
positive/1683897603.328338.jpg 1 335 531 48 18
positive/1683897604.5598722.jpg 1 355 503 50 21
positive/1683897604.7823753.jpg 1 137 515 78 39
positive/1683897605.3894129.jpg 2 1040 546 70 23 307 549 55 21
positive/1683897606.737065.jpg 1 277 519 47 18
positive/1683897607.00639.jpg 2 847 546 50 21 7 567 61 25
positive/1683897608.5641975.jpg 1 899 557 55 17
positive/1683897609.749597.jpg 1 305 529 47 17
positive/1683897611.0225368.jpg 0
positive/1683897611.276229.jpg 1 22 543 45 26
positive/1683897612.7695248.jpg 1 835 541 47 17
positive/1683897612.9926724.jpg 2 245 566 60 22 881 561 65 16
positive/1683897613.181584.jpg 1 972 592 91 21
positive/1683897615.6782117.jpg 1 156 525 47 21
positive/1683897617.8994157.jpg 0
positive/1683897619.1833394.jpg 1 907 576 70 17
positive/1683897620.2294366.jpg 0
positive/1683897621.8695078.jpg 1 780 524 49 16
positive/1683897624.7448213.jpg 2 744 521 55 22 186 560 54 22
positive/1683897624.9850368.jpg 1 883 560 82 28
positive/1683897626.021976.jpg 1 51 559 57 28
positive/1683897626.2450864.jpg 0
positive/1683897626.4842217.jpg 2 795 535 47 15 239 534 48 18
positive/1683897626.6935778.jpg 1 825 550 59 21
positive/1683897626.9619253.jpg 1 852 568 60 15
positive/1683897627.656068.jpg 2 1013 629 82 29 208 534 50 20
positive/1683897629.4857311.jpg 1 356 530 68 24
positive/1683897629.8040636.jpg 1 202 536 70 25
positive/1683897636.557481.jpg 1 895 513 60 15
positive/1683897638.2415495.jpg 1 879 498 51 24
positive/1683897638.48117.jpg 2 1148 523 78 42 0 630 61 37
positive/1683897649.3870668.jpg 1 553 524 66 18
positive/1683897649.704949.jpg 1 548 531 72 24
positive/1683897650.022895.jpg 1 543 530 73 22
positive/1683897651.482277.jpg 3 922 535 46 16 228 511 45 17 526 542 91 23
positive/1683897652.3876402.jpg 2 1024 559 59 16 538 534 74 21
positive/1683897653.6468844.jpg 2 361 524 61 22 569 539 41 16
positive/1683897653.9167655.jpg 2 689 572 57 18 440 522 52 14
positive/1683897654.4093344.jpg 1 405 520 38 17
positive/1683897654.6969087.jpg 1 351 546 52 21
positive/1683897655.6504717.jpg 1 780 526 49 17
positive/1683897655.823314.jpg 1 859 537 64 22
positive/1683897659.7501457.jpg 1 334 535 46 22
positive/1683897660.4331234.jpg 0
positive/1683897661.1685553.jpg 0
positive/1683897662.2462325.jpg 1 623 507 40 11
positive/1683897663.774702.jpg 1 338 554 44 16
positive/1683897664.1218066.jpg 1 858 560 34 21
positive/1683897664.3318255.jpg 1 962 591 40 22
positive/1683897666.0258932.jpg 1 1176 566 50 17
positive/1683897667.8641706.jpg 0
positive/1683897689.1792262.jpg 1 599 517 47 16
positive/1683897689.4644847.jpg 1 625 524 47 17
positive/1683897704.9661837.jpg 1 278 503 49 20
positive/1683897707.5438018.jpg 1 11 603 70 40
positive/1683897707.7218509.jpg 1 114 589 70 31
positive/1683897707.9107602.jpg 1 223 558 60 29
positive/1683897713.2541943.jpg 2 838 521 34 11 524 516 35 15
positive/1683897714.5421855.jpg 1 533 560 57 19
positive/1683897714.758739.jpg 1 546 564 65 20
positive/1683897715.3180172.jpg 1 582 577 64 19
positive/1683897716.9248374.jpg 1 636 611 87 20
positive/1683897717.2101893.jpg 1 643 598 74 23
positive/1683897717.4640305.jpg 1 644 588 68 19
positive/1683897723.3865602.jpg 0
positive/1683897782.762929.jpg 1 137 564 57 28
positive/1683897783.8705971.jpg 1 920 533 54 23
positive/1683897784.605368.jpg 0
positive/1683897785.8685362.jpg 1 556 538 53 18
positive/1683897786.11067.jpg 1 555 545 54 17
positive/1683897796.3863852.jpg 1 833 506 51 22
positive/1683897797.610169.jpg 2 955 552 51 19 955 552 51 19
positive/1683897800.7189827.jpg 1 359 542 43 14
positive/1683897803.745202.jpg 1 803 540 45 17
positive/1683897806.0121782.jpg 1 919 533 56 22
positive/1683897806.7745674.jpg 1 369 499 42 18
positive/1683897808.1891673.jpg 1 274 527 40 21
positive/1683898536.5973709.jpg 1 473 539 81 24
positive/1683898537.0458186.jpg 1 556 531 77 19
positive/1683898537.7154255.jpg 1 599 516 66 21
positive/1683898538.0707464.jpg 1 615 511 69 19
positive/1683898539.8188694.jpg 1 635 489 55 17
positive/1683898545.298795.jpg 1 636 495 69 25
positive/1683898549.9522007.jpg 1 660 490 55 17
positive/1683898550.7737732.jpg 2 450 473 42 13 668 492 55 14
positive/1683898556.661546.jpg 0
positive/1683898557.6084933.jpg 0
positive/1683898564.7005608.jpg 1 288 508 51 15
positive/1683898568.7496934.jpg 1 244 495 42 16
positive/1683898571.8891144.jpg 1 329 501 48 16
positive/1683898601.7046535.jpg 1 783 440 43 12
positive/1683898602.0869253.jpg 2 754 454 54 16 996 460 51 20
positive/1683898602.6410017.jpg 2 738 463 53 16 997 469 51 15
positive/1683898603.8707774.jpg 2 711 463 54 17 966 471 49 16
positive/1683898613.6589656.jpg 1 5 581 59 16
positive/1683898615.0583405.jpg 1 1013 437 49 14
positive/1683898619.320047.jpg 1 935 465 58 17
positive/1683898619.8525817.jpg 0
positive/1683898633.7570827.jpg 2 605 456 48 14 922 447 53 19
positive/1683898635.1634474.jpg 2 596 469 58 17 953 457 62 20
positive/1683898656.9659555.jpg 2 597 487 67 21 1013 532 80 30
positive/1683898657.578859.jpg 2 584 510 85 23 950 515 76 22
positive/1683898660.0721982.jpg 1 1116 500 100 31
positive/1683898664.7345703.jpg 1 909 462 56 17
positive/1683898666.1268783.jpg 1 13 495 94 27
positive/1683898667.1335435.jpg 1 1017 540 79 24
positive/1683898704.81025.jpg 0
positive/1683898712.126068.jpg 1 838 453 57 19
positive/1683898726.068661.jpg 0
positive/1683898726.5744915.jpg 1 535 453 42 16
positive/1683898727.1598785.jpg 1 514 462 49 14
positive/1683898729.289006.jpg 1 502 490 78 18
positive/1683898730.1824286.jpg 2 486 501 82 20 35 515 55 15
positive/1683898732.9341116.jpg 2 12 514 63 22 493 500 74 17
positive/1683898737.3072236.jpg 2 441 519 97 25 98 504 55 17
positive/1683898740.0066.jpg 1 559 482 65 19
positive/1683898746.4953887.jpg 1 519 514 90 23
positive/1683898758.1640873.jpg 2 513 527 105 27 62 504 63 21
positive/1683898760.026898.jpg 2 99 523 71 26 625 473 53 19
positive/1683898772.2739544.jpg 1 647 445 46 15
positive/1683898782.843258.jpg 0
positive/1683898787.1785738.jpg 1 297 499 55 19
positive/1683898788.8963327.jpg 1 298 501 49 13
positive/1683898794.2311177.jpg 1 221 475 60 16
positive/1683898797.6855242.jpg 1 224 488 65 14
positive/1683898799.058601.jpg 3 648 466 64 17 208 493 68 16 99 465 40 12
positive/1683898800.5780702.jpg 1 189 527 67 15
positive/1683898811.004283.jpg 1 290 462 45 13
positive/1683898815.1640291.jpg 2 126 488 70 19 24 472 46 15
positive/1683898817.8167882.jpg 2 878 538 36 24 331 458 50 15
positive/1683898821.6770558.jpg 1 205 491 69 18
positive/1683898826.3490555.jpg 1 311 462 52 17
positive/1683898827.3408353.jpg 1 233 494 59 12
positive/1683898828.7433133.jpg 1 317 478 57 17
positive/1683898830.386822.jpg 2 643 473 66 21 290 480 64 20
positive/1683898833.1864998.jpg 3 365 468 50 16 644 461 53 18 1162 450 51 16
positive/1683898837.031878.jpg 3 1033 464 69 25 700 447 43 15 131 490 45 17
positive/1683898837.9113965.jpg 2 190 522 76 20 727 473 65 14
positive/1683898839.456537.jpg 2 37 532 107 34 705 450 49 15
positive/1683898840.9439762.jpg 2 851 501 89 25 1171 473 63 16
positive/1683898842.1429956.jpg 2 609 479 71 16 213 512 58 19
positive/1683898845.0692778.jpg 2 197 485 59 18 15 469 41 12
positive/1683898845.8378038.jpg 1 1110 453 56 17
positive/1683898847.527013.jpg 1 107 549 77 17
positive/1683898849.6909187.jpg 2 71 555 82 25 583 460 49 15
positive/1683898852.7974472.jpg 1 325 454 41 18
positive/1683899305.4502397.jpg 1 172 501 79 21
positive/1683899306.2159917.jpg 1 216 494 71 21
positive/1683899352.9566624.jpg 1 2 604 90 27
positive/1683899378.6671863.jpg 1 267 506 66 20
positive/1683899382.5480094.jpg 0
positive/1683899398.8781538.jpg 1 334 512 52 17
positive/1683899399.4146192.jpg 1 138 570 83 26
positive/1683899415.1200843.jpg 1 353 508 51 16
positive/1683899415.7099574.jpg 1 267 532 66 21
positive/1683899421.0933404.jpg 1 289 523 69 23
positive/1683899443.469078.jpg 0
positive/1683899443.7561417.jpg 1 57 564 100 27
positive/1683899455.1451404.jpg 1 923 484 54 19
positive/1683899457.0243328.jpg 2 555 480 49 12 889 479 52 19
positive/1683899458.028276.jpg 1 552 503 69 20
positive/1683899459.0412223.jpg 2 563 519 68 19 1035 503 66 18
positive/1683899461.6112647.jpg 2 1087 514 85 19 571 479 47 12
positive/1683899465.3358357.jpg 1 609 511 79 19
positive/1683899466.8132005.jpg 1 609 521 73 19
positive/1683899467.8824275.jpg 1 607 510 66 18
positive/1683899472.5571713.jpg 1 656 527 80 30
positive/1683899477.2761655.jpg 1 1097 489 72 24
positive/1683899498.1498935.jpg 1 798 487 48 16
positive/1683899517.2300434.jpg 1 699 491 55 21
positive/1683899517.6370666.jpg 1 667 477 41 16
positive/1683899522.1790404.jpg 1 1020 448 54 17
positive/1683899524.2900488.jpg 1 1112 505 95 24
positive/1683899527.1957338.jpg 1 1007 467 52 13
positive/1683899528.895373.jpg 1 1022 480 73 22
positive/1683899551.2612276.jpg 1 338 478 45 16
positive/1683899562.0298269.jpg 0
positive/1683899563.1019158.jpg 0
positive/1683899572.9388978.jpg 0
positive/1683899574.7031815.jpg 1 1041 412 77 26
positive/1683899601.237132.jpg 0
positive/1683899602.8308606.jpg 0
positive/1683899605.7384539.jpg 0
positive/1683899608.2674267.jpg 0
positive/1683899631.8839667.jpg 0
positive/1683899633.1817381.jpg 1 265 391 61 20
positive/1683899635.1478307.jpg 1 983 437 84 23
positive/1683899635.8278053.jpg 1 915 380 66 19
positive/1683899637.8767467.jpg 0
positive/1683899639.581713.jpg 1 294 380 60 15
positive/1683899643.628733.jpg 1 859 382 44 12
positive/1683899658.7893493.jpg 1 575 367 45 15
positive/1683899661.0967638.jpg 2 273 401 74 20 1035 403 75 19
positive/1683899662.4396634.jpg 1 416 362 48 15
positive/1683899666.8066328.jpg 1 223 384 73 24
positive/1683899667.4196186.jpg 0
positive/1683899675.3296695.jpg 1 1048 375 61 21
positive/1683899713.824491.jpg 1 42 442 62 28
positive/1683899714.777963.jpg 1 452 384 61 25
positive/1683902463.3456767.jpg 2 661 568 54 18 515 533 43 20
positive/1683902470.3286767.jpg 1 492 573 46 14
positive/1683902475.8714514.jpg 1 314 572 58 16
positive/1683902499.606311.jpg 1 743 570 55 13
positive/1683902500.744249.jpg 0
positive/1683902506.430258.jpg 1 280 527 43 15
positive/1683902509.45154.jpg 1 66 611 68 33
positive/1683902549.3554761.jpg 1 751 565 53 15
positive/1683902553.421699.jpg 1 933 559 56 22
positive/1683902554.3618455.jpg 1 726 567 66 20
positive/1683902573.6391327.jpg 1 761 525 68 19
positive/1683902574.5910478.jpg 1 774 531 76 18
positive/1683902575.5581431.jpg 1 776 554 94 24
positive/1683902585.6457553.jpg 1 238 570 46 22
positive/1683902587.5471609.jpg 1 230 575 77 31
positive/1683902597.6219983.jpg 2 361 563 60 23 902 542 75 23
positive/1683902598.3469071.jpg 0
positive/1683902599.9789765.jpg 0
positive/1683902602.016748.jpg 0
positive/1683902625.8829725.jpg 1 883 560 55 14
positive/1683902627.094895.jpg 1 519 548 55 19
positive/1683902628.059922.jpg 1 600 577 64 16
positive/1683902646.976096.jpg 1 1044 525 53 17
positive/1683902654.4219294.jpg 1 557 519 53 17
positive/1683902655.2057846.jpg 1 601 572 88 24
positive/1683902656.0682874.jpg 1 864 611 107 24
positive/1683902657.5109832.jpg 0
positive/1683902797.873476.jpg 1 665 523 82 20
positive/1683902798.9327114.jpg 1 667 522 88 20
positive/1683902803.2946115.jpg 1 992 493 52 16
positive/1683902803.6924522.jpg 2 688 496 54 21 1050 499 55 17
positive/1683902806.0948145.jpg 1 1165 557 81 25
positive/1683902806.8384292.jpg 1 962 542 58 19
positive/1683902807.0264509.jpg 2 1006 555 73 18 685 498 53 18
positive/1683902807.200744.jpg 2 679 502 60 16 1044 567 86 18
positive/1683902807.786679.jpg 2 1096 585 95 19 664 509 65 17
positive/1683902808.5584743.jpg 3 1174 611 102 27 286 509 45 21 666 503 62 20
positive/1683902810.3903883.jpg 1 193 520 57 25
positive/1683902811.5283809.jpg 2 939 621 107 26 1211 527 54 20
positive/1683902812.4134192.jpg 2 657 566 71 20 1151 541 67 26
positive/1683902827.80047.jpg 1 368 535 59 19
positive/1683902828.8723996.jpg 1 372 510 51 16
positive/1683902830.3883286.jpg 1 784 543 90 24
positive/1683902831.5573952.jpg 2 845 638 193 41 426 498 45 17
positive/1683902833.649934.jpg 1 844 637 193 46
positive/1683902839.8982267.jpg 1 109 554 60 29
positive/1683902843.371806.jpg 1 144 608 89 43
positive/1683902858.9083598.jpg 1 247 528 59 18
positive/1683902859.3463075.jpg 1 411 520 50 18
positive/1683902859.991242.jpg 1 1009 521 73 22
positive/1683902860.8098092.jpg 1 1190 528 78 23
positive/1683902896.889229.jpg 2 646 512 59 17 978 534 55 19
positive/1683902900.0971072.jpg 1 772 527 59 21
positive/1683902901.2833111.jpg 2 668 519 57 16 1060 534 57 20
positive/1683902902.1708107.jpg 1 667 565 93 18
positive/1683902903.6421216.jpg 1 671 581 109 24
positive/1683902914.3250957.jpg 1 1154 541 68 32
positive/1683902914.845125.jpg 1 952 525 55 25
